2 1
4 3
6 5
8 7
10 9
12 11
14 13
16 15
18 17
20 19
22 21
24 23
26 25
28 27
30 29
32 31
34 33
36 35
38 37
40 39
42 41
44 43
46 45
48 47
20 49
51 50
25 52
54 53
28 55
57 56
59 58
61 60
63 62
65 64
67 66
69 68
71 70
73 72
75 74
77 76
79 78
81 80
83 82
85 84
87 86
89 88
91 90
93 92
95 94
97 96
99 98
101 100
103 102
105 104
107 106
109 108
111 110
113 112
115 114
49 116
118 117
120 119
122 121
124 123
126 125
128 127
130 129
132 131
134 133
136 135
138 137
140 139
142 141
144 143
146 145
148 147
150 149
152 151
154 153
156 155
158 157
160 159
162 161
164 163
166 165
168 167
170 169
172 172
174 173
176 175
178 177
180 179
182 181
184 183
186 185
188 187
190 189
192 191
194 193
196 195
198 197
200 199
202 201
204 203
206 205
207 10
209 208
211 210
213 212
215 214
217 216
219 218
221 220
223 222
225 224
227 226
229 228
231 230
233 232
235 234
237 236
239 238
241 241
243 242
245 245
247 247
249 248
251 251
253 252
255 254
257 256
259 258
261 260
263 262
265 264
267 266
269 268
271 270
273 272
275 274
277 276
279 278
280 279
282 281
284 284
286 285
288 287
290 290
292 291
294 293
296 296
298 297
300 299
302 301
304 303
306 305
308 307
310 309
312 311
314 313
316 315
318 317
320 319
322 321
324 323
326 325
328 327
329 328
331 330
333 332
335 334
337 336
339 338
341 340
343 342
345 344
347 346
349 348
351 351
353 352
355 354
357 356
359 358
361 360
363 362
365 364
367 366
369 368
371 370
373 372
375 374
377 376
378 377
380 379
382 381
384 383
386 385
388 387
390 389
392 391
394 393
396 395
398 397
400 399
402 401
404 403
406 405
408 408
410 409
412 411
414 413
416 415
418 417
420 419
422 422
424 423
426 425
428 427
430 429
432 431
434 433
436 435
438 437
440 439
442 441
444 443
446 445
448 447
450 449
452 451
454 453
456 455
458 457
460 459
462 461
464 463
466 465
468 467
470 469
472 471
474 473
476 475
478 477
480 479
482 481
484 483
486 485
488 487
490 489
492 491
494 493
496 495
498 497
500 499
502 501
504 503
506 505
508 507
510 509
512 511
514 513
516 515
518 517
520 519
522 521
524 523
526 525
528 527
530 529
532 531
534 533
536 535
538 537
540 539
542 541
544 543
546 545
548 547
550 549
552 551
554 553
556 555
558 557
19 18
560 559
562 561
564 563
566 565
568 567
570 569
572 571
574 573
576 575
578 577
580 579
582 581
584 583
586 585
588 587
590 589
592 591
594 593
596 595
598 597
600 599
602 601
604 603
606 605
608 607
610 609
612 611
614 613
616 615
618 617
620 619
622 621
624 623
626 625
628 627
630 629
632 631
634 633
636 635
638 637
640 639
642 641
644 643
646 645
648 647
650 649
652 651
654 653
656 655
658 657
660 659
662 661
664 663
666 665
668 667
670 669
672 671
674 673
676 675
678 677
680 679
682 681
684 683
686 685
688 687
690 689
692 691
694 693
696 695
698 697
700 699
702 701
704 703
706 705
708 707
710 709
712 711
714 713
716 715
718 717
720 719
722 721
724 723
726 725
728 727
730 729
732 731
734 733
242 735
737 736
739 738
741 740
743 742
745 744
747 746
749 748
751 750
753 752
755 754
757 756
759 758
761 760
763 762
765 764
767 766
769 768
771 770
773 772
775 774
777 776
779 778
781 780
783 782
785 784
787 786
789 788
791 790
793 792
795 794
797 796
799 798
801 800
803 802
805 804
807 806
809 808
811 810
813 812
815 814
817 816
819 818
821 820
823 822
825 824
827 826
829 828
831 830
833 832
835 834
837 836
839 838
841 840
843 842
845 844
43 846
848 847
850 849
852 851
854 853
856 855
858 857
860 859
862 861
864 863
866 865
868 867
870 869
655 871
872 56
874 873
55 875
877 876
879 878
881 880
883 882
885 884
887 886
889 888
891 890
893 892
895 894
897 896
899 898
901 900
903 902
905 904
907 906
909 908
911 910
913 912
915 914
917 916
919 918
921 920
923 922
925 924
927 926
929 928
931 930
933 932
935 934
936 33
938 937
940 939
942 941
944 943
946 945
948 947
950 949
952 951
954 953
956 955
958 957
960 959
962 961
964 963
966 965
968 967
970 969
972 971
973 42
975 974
42 976
978 977
980 979
982 981
984 983
986 985
988 987
990 989
992 991
994 993
996 995
998 997
1000 999
1001 34
1003 1002
1005 1004
1007 1006
1009 1008
1011 1010
1013 1012
1015 1014
1017 1016
1019 1018
1021 1020
1023 1022
1025 1024
1027 1026
1029 1028
1031 1030
1033 1032
1035 1034
1037 1036
1039 1038
1041 1040
1043 1042
1044 893
1046 1045
1048 1047
1050 1049
1052 1051
1054 1053
1056 1055
1058 1057
1060 1059
1062 1061
1064 1063
1066 1065
1068 1067
1070 1069
1072 1071
1074 1073
1076 1075
1078 1077
1080 1079
1082 1081
1084 1083
1086 1085
1088 1087
1090 1089
1092 1091
1094 1093
1096 1095
1098 1097
1100 1099
1102 1101
1104 1103
1106 1105
1108 1107
1110 1109
1112 1111
1114 1113
1116 1115
1118 1117
1120 1119
1122 1121
1124 1123
1126 1125
1128 1127
1130 1129
1132 1131
1134 1133
1136 1135
1138 1137
1140 1139
1142 1141
1144 1143
1146 1145
1148 1147
1150 1149
1152 1151
1154 1153
1156 1155
1158 1157
1160 1159
1162 1161
1164 1163
1166 1165
1168 1167
1170 1169
1172 1171
1174 1173
1176 1175
1178 1177
1180 1179
1182 1181
1183 1182
1185 1184
1187 1186
1189 1188
1191 1190
1193 1192
1195 1194
1197 1196
1199 1198
1201 1200
1203 1202
1205 1204
1207 1206
1209 1208
1211 1210
1213 1212
1215 1214
1217 1216
1219 1218
1221 1220
1223 1222
1224 1217
1226 1225
1228 1227
1230 1229
1232 1231
1234 1233
1236 1235
1238 1237
1240 1239
1242 1241
1244 1243
1246 1245
1248 1247
1250 1249
1252 1251
1254 1253
1256 1255
1258 1257
1260 1259
1262 1262
1264 1264
1266 1266
1268 1268
1270 1269
1272 1271
1274 1273
1276 1275
1278 1277
1280 1279
1282 1281
1284 1283
1286 1285
1288 1287
1290 1289
1292 1291
1294 1293
1296 1295
1298 1297
1300 1299
1302 1301
1304 1303
1306 1305
1308 1307
1310 1309
1312 1311
1314 1313
1316 1315
1318 1317
1320 1319
1322 1321
1324 1323
1326 1325
1328 1327
1330 1329
21 1331
1333 1332
1335 1334
1337 1336
1339 1338
1341 1340
1343 1342
1345 1344
1347 1346
1349 1348
1351 1350
1353 1352
1355 1354
1357 1356
1359 1358
1361 1360
1363 1362
1365 1364
1367 1366
1369 1368
1371 1370
1373 1372
1375 1374
1377 1376
1379 1378
1381 1380
1383 1382
1385 1384
1387 1386
1389 1388
454 1390
1392 1391
1394 1393
1396 1395
1398 1397
1400 1399
1402 1401
1404 1403
1406 1405
1408 1407
1410 1409
1412 1411
1414 1413
1416 1415
1418 1417
1420 1419
1422 1421
1424 1423
1426 1425
1428 1427
1430 1429
1432 1431
1434 1433
1436 1435
1438 1437
1440 1439
1442 1441
1444 1443
1446 1445
1448 1447
1450 1449
1452 1451
1454 1453
1456 1455
1458 1457
1460 1459
1462 1461
1464 1463
1466 1465
1468 1467
1470 1469
1472 1471
1474 1473
1476 1475
1478 1477
1480 1479
1482 1481
1484 1483
1486 1485
1485 1487
1489 1488
1491 1490
1493 1492
1495 1495
1497 1496
1499 1498
1501 1500
1503 1502
1505 1504
1507 1506
1509 1508
1511 1510
1513 1512
1515 1514
1517 1516
1519 1518
1521 1520
1523 1522
1525 1524
1527 1526
1529 1529
1531 1530
1533 1532
1535 1534
1537 1536
1539 1538
1541 1540
1543 1542
1545 1544
1547 1546
1549 1548
1551 1550
1553 1552
1555 1555
1557 1556
1559 1558
1561 1560
1562 933
1564 1563
1566 1565
1568 1567
1570 1569
1572 1571
1574 1573
1576 1575
1578 1577
1580 1579
1582 1582
1584 1583
1586 1585
1588 1588
1589 23
1591 1590
1593 1592
1595 1594
1597 1596
1598 146
1600 1599
1602 1601
1604 1603
1606 1605
1608 1607
1610 1609
1612 1611
1614 1613
1616 1615
1618 1617
1620 1619
1622 1621
1624 1623
1626 1625
1628 1627
1630 1629
1632 1631
1634 1633
1636 1635
1638 1637
1640 1639
1642 1641
1644 1643
1646 1645
1648 1647
1650 1649
1652 1651
1654 1653
1656 1655
1658 1657
1660 1659
1662 1661
1664 1663
1666 1665
1668 1667
1670 1669
1672 1671
1674 1673
1676 1675
1678 1677
1680 1679
1682 1681
1684 1683
1686 1685
1688 1687
1690 1689
1691 1448
1693 1692
1695 1694
1696 1362
1698 1697
1700 1699
459 1701
1703 1702
1705 1704
1707 1706
1709 1708
1711 1710
1713 1712
1715 1714
1717 1716
1719 1718
1721 1720
1723 1722
1725 1724
1727 1726
1729 1728
1731 1730
1733 1732
1735 1734
1737 1736
1739 1738
1741 1740
1743 1742
1745 1744
1747 1746
1749 1748
1751 1750
518 518
1753 1752
1755 1754
1757 1756
1759 1758
1760 1492
1762 1761
1764 1763
1766 1765
1768 1767
1770 1769
1772 1771
1774 1773
1776 1775
1778 1777
1780 1779
1782 1781
1784 1783
1786 1785
1788 1787
1790 1789
1792 1791
1794 1793
1796 1795
1798 1797
1800 1799
1802 1801
1804 1803
1806 1805
1808 1807
1810 1809
1812 1811
1814 1813
1816 1815
1818 1817
1820 1819
1822 1821
1824 1823
1826 1825
1828 1827
1830 1829
1832 1831
1834 1833
1836 1835
1838 1837
1840 1839
1842 1841
1844 1843
1846 1845
1848 1847
1850 1849
1852 1851
1854 1853
1856 1855
1858 1857
1860 1859
1862 1861
1864 1863
1866 1865
1868 1867
1870 1869
1872 1871
1874 1873
1876 1875
1878 1877
1880 1879
1882 1881
1884 1883
1886 1885
1888 1887
1890 1889
1892 1891
1894 1893
1896 1895
1898 1897
1900 1899
1902 1901
1904 1903
768 1905
1907 1906
1909 1908
1911 1910
1913 1912
1915 1914
1917 1916
1919 1918
1921 1920
1923 1922
1925 1924
1927 1926
1929 1928
1931 1930
1933 1932
1935 1934
1937 1936
1939 1938
1941 1940
1943 1942
1945 1944
1947 1946
1949 1948
1951 1950
1953 1952
1955 1954
1957 1956
1959 1958
1961 1960
1963 1962
1965 1964
1967 1966
1969 1968
1971 1970
1972 50
1974 1973
1976 1975
1978 1977
1980 1979
1982 1981
1984 1983
1986 1985
1988 1987
1990 1989
1992 1991
1994 1993
1996 1995
1998 1997
2000 1999
884 2001
2003 2002
2005 2004
2007 2006
2009 2008
2011 2010
2013 2012
2015 2014
2017 2016
2019 2018
2021 2020
2023 2022
2025 2024
2027 2026
2029 2028
2031 2030
2033 2032
2035 2034
2037 2036
2039 2038
2041 2040
2043 2042
1906 2044
2046 2045
2048 2047
2050 2049
2052 2051
2054 2053
2056 2055
2058 2057
2060 2059
2062 2061
2064 2063
2066 2065
2068 2067
2070 2069
2072 2071
2074 2073
2076 2075
2078 2077
2080 2079
2082 2081
2084 2083
2086 2085
2088 2087
2089 2082
33 2090
2092 2091
2094 2093
2096 2095
2098 2097
2100 2099
2102 2101
2104 2103
2106 2105
2108 2107
2110 2109
2112 2111
2114 2113
2116 2115
2118 2117
2120 2119
2122 2121
2124 2123
2126 2125
2128 2127
2130 2129
2132 2131
2134 2133
2136 2135
2138 2137
2140 2139
2142 2141
2144 2143
2146 2145
2148 2147
2150 2149
2152 2151
2154 2153
2156 2155
2158 2157
2160 2159
2162 2161
2164 2163
2166 2165
2168 2167
2170 2169
2172 2171
2174 2173
2176 2175
2178 2177
2180 2179
2182 2181
2184 2183
2186 2185
2188 2187
28 25
2190 2189
2192 2191
2194 2193
2196 2195
2198 2197
1192 2199
2200 1381
2202 2201
2204 2203
2206 2205
2208 2207
2210 2209
2212 2211
2214 2213
2216 2215
2218 2217
2220 2219
2222 2221
2224 2223
2226 2225
2228 2227
2230 2229
2232 2231
2234 2233
2236 2236
2238 2237
2240 2240
2242 2241
2244 2244
2246 2246
2248 2247
2250 2250
2252 2251
2254 2253
2256 2255
2258 2257
2260 2259
2262 2261
2264 2263
2266 2266
2268 2268
2270 2270
2272 2272
2274 2274
2276 2275
2278 2277
2280 2279
2282 2281
2284 2283
2286 2285
2288 2287
2290 2289
2292 2291
2294 2293
2296 2295
2298 2297
2300 2299
2302 2301
2304 2303
2306 2305
2308 2307
2310 2309
2312 2311
2314 2313
2316 2315
2318 2317
2320 2319
2322 2321
2324 2323
2323 2325
2327 2326
2328 646
2330 2329
2332 2331
2334 2333
2336 2335
2338 2337
2340 2339
1344 2341
2342 1217
2343 466
2345 2344
2347 2346
2349 2348
2351 2350
2353 2352
1804 2354
2356 2355
2358 2357
2360 2359
2362 2361
2363 502
2364 280
2366 2365
2368 2367
884 2044
2346 2369
2371 2370
2372 686
2374 2373
2376 2375
2378 2377
2380 2379
2382 2381
2384 2383
2386 2385
2388 2387
2390 2389
2392 2391
279 2393
2339 1455
2394 67
66 2395
2396 1730
691 2397
2398 691
2400 2399
2401 2346
2403 2402
2405 2404
2407 2406
2409 2408
2411 2410
2412 8
2414 2413
2416 2415
2418 2417
2336 2419
2421 2420
2423 2422
43 2424
846 2425
2427 2426
2429 2428
2430 848
2432 2431
1173 2433
2434 344
2436 2435
2438 2437
2440 2439
2442 2441
2444 2443
2446 2445
2448 2447
2450 2449
2452 2451
2454 2453
2456 2455
2458 2457
2460 2459
2462 2461
2464 2463
2465 857
2467 2466
265 1583
2469 2468
671 2470
2472 2471
2474 2473
2476 2475
2477 957
2478 958
2403 1792
2480 2479
2482 2481
2484 2483
2486 2485
2487 2339
2489 2488
2490 2480
2485 2491
2493 2492
2495 2494
2497 2496
2499 2498
2500 1063
2393 2501
2503 2502
2337 2504
2506 2505
2508 2507
1172 2509
2510 1363
2512 2511
692 2398
2514 2513
2516 2515
2405 2517
2519 2518
583 2520
2521 583
2523 2522
2525 2524
2526 2448
2481 2527
2529 2528
2531 2530
2533 2532
2535 2534
2536 1199
2538 2537
2540 2539
2542 2541
2544 2543
2546 2545
2548 2547
2550 2549
2551 2433
2552 432
2554 2553
2556 2555
2558 2557
2547 2559
2561 2560
374 2562
2564 2563
2566 2565
2568 2567
2570 2569
2571 1747
377 2572
2574 2573
2487 2505
2576 2575
2578 2577
2579 2358
1898 2580
2582 2581
2583 1203
1202 2584
2586 2585
2588 2587
1746 2
2589 1747
2590 2589
2592 2591
2581 2593
2009 2594
52 2009
2596 2595
2598 2597
650 2599
2601 2600
2602 2484
2413 2603
2605 2604
2329 1110
2607 2606
374 2608
2610 2609
2612 2611
2614 2613
2616 2615
471 2617
1204 2618
2620 2619
2621 1205
646 2622
2624 2623
2626 2625
2628 2627
2630 2629
2631 595
2633 2632
2604 2634
2636 2635
2638 2637
2640 2639
857 2641
2643 2642
2644 2628
2646 2645
2625 2647
2649 2648
2650 707
707 2651
2653 2652
2655 2654
2656 515
2629 2657
2659 2658
1363 7
2623 2660
2662 2661
2664 2663
2666 2665
2668 2667
2669 2506
2501 2545
2671 2670
2673 2672
2675 2674
2676 2227
2678 2677
2680 2679
2682 2681
2684 2683
2641 2685
2687 2686
23 2586
2377 2688
2690 2689
2597 2409
2691 890
776 2692
773 2693
2082 2694
2696 2695
2698 2697
2699 768
920 755
2701 2700
1906 2702
933 2703
2705 2704
2706 258
2707 596
2689 2708
2710 2709
360 2690
2712 2711
2714 2713
2716 2715
1961 2717
2611 2718
2708 2719
2721 2720
1194 2722
2723 1090
1022 2724
2726 2725
1571 2727
2728 1191
2730 2729
2731 1655
2733 2732
178 2734
2735 2623
2736 2727
2738 2737
2740 2739
2742 2741
2459 2425
2743 2631
2745 2744
1203 2579
2746 1202
2748 2747
2750 2749
2752 2751
2507 2753
2610 2612
2732 2754
2756 2755
2739 2538
2758 2757
2760 2759
2761 2739
2763 2762
2765 2764
2767 2766
2768 2373
1063 2769
2771 2770
2772 1057
2774 2773
2776 2775
2778 2777
2780 2779
2781 2383
2782 1376
2260 2783
2260 2784
2786 2785
1192 2327
2764 2787
2788 2281
2790 2789
2792 2791
2794 2793
2795 2794
2797 2796
2799 2798
2801 2800
2803 2802
177 2804
1897 2805
2357 2806
2808 2807
2810 2809
2812 2811
2811 2813
2814 2228
1741 2815
2816 2639
2817 857
2819 2818
2821 2820
2823 2822
2669 2824
2826 2825
2828 2827
2830 2829
2347 2831
2833 2832
2291 2834
2836 2835
2835 2837
2839 2838
2841 2840
2604 2842
2820 2843
2845 2844
2843 2846
2848 2847
2818 2845
2850 2849
2852 2851
2854 2853
2757 2467
2744 2743
2856 2855
2575 2857
2859 2858
2861 2860
2863 2862
2865 2864
2866 2742
2867 2609
2609 2868
2870 2869
1804 2416
2872 2871
2873 2583
2875 2874
2877 2876
2879 2878
2881 2880
2768 2882
2856 2514
2884 2883
2886 2885
2736 2887
2889 2888
2433 1391
2890 1173
2441 1823
2891 2624
2893 2892
2555 2487
9 44
2894 2710
56 2895
2896 655
2897 89
497 2816
2899 2898
2901 2900
2717 2902
2903 459
2904 2486
2906 2905
2908 2907
2910 2909
2911 1525
2912 1514
2914 2913
2916 2915
2918 2917
1514 2919
2921 2920
2822 2922
2924 2923
2647 2925
2927 2926
2929 2928
2931 2930
2932 2465
2933 2358
2357 1943
2935 2934
2937 2936
2939 2938
2941 2940
2943 2942
2729 2944
2945 90
2946 435
2948 2947
2950 2949
2952 2951
2361 2953
2955 2954
2957 2956
2959 2958
2940 958
2348 2960
957 173
2962 2961
2281 2963
7 2411
2965 2964
2967 2966
2969 2968
2970 2806
6 3
2454 1978
2681 178
1942 2681
2972 2971
2974 2973
2779 2975
2977 2976
31 361
2978 2961
2980 2979
2981 2412
2358 2580
2982 552
2984 2983
2985 2475
2987 2986
2851 2662
2989 2988
2973 2418
2990 2638
2992 2991
2994 2993
2996 2995
2998 2997
13 2999
3001 3000
3002 2710
2465 3003
2806 2856
2805 2357
2555 12
2443 2450
3004 1874
1874 3005
3007 3006
3009 3008
3011 3010
3013 3012
3015 3014
3017 3016
3019 3018
3021 3020
3023 3022
3025 3024
3027 3026
3029 3028
3031 3030
3033 3032
3035 3034
3037 3036
3039 3038
3041 3040
3043 3042
3044 3013
3046 3045
3048 3047
3050 3049
3052 3051
3054 3053
3056 3055
3058 3057
3060 3059
3062 3061
3064 3063
3066 3065
3068 3067
3069 3052
3071 3070
3073 3072
3014 3074
3076 3075
3078 3077
3080 3079
3082 3081
3084 3083
3086 3085
3088 3087
3090 3089
3092 3091
3094 3093
3096 3095
3098 3097
3100 3099
3102 3101
3104 3103
3106 3105
3108 3107
3110 3109
3112 3111
3114 3113
3116 3115
3118 3117
3120 3119
3122 3121
3124 3123
3126 3125
3128 3127
3130 3129
3132 3131
3133 3062
3135 3134
3136 3104
3063 3137
3139 3138
3141 3140
3143 3142
3145 3144
3147 3146
3149 3148
3151 3150
3153 3152
3154 3082
3156 3155
3158 3157
3160 3159
3162 3161
3164 3163
3166 3165
2906 3167
3169 3168
3171 3170
3173 3172
3085 3174
3176 3175
3178 3177
3180 3179
3182 3181
3184 3183
3186 3185
3188 3187
3190 3189
3192 3191
3194 3193
3196 3195
3198 3197
3199 3009
3201 3200
3203 3202
3205 3204
3195 3206
3208 3207
3210 3209
3212 3211
3214 3213
3216 3215
3218 3217
3220 3219
3167 3221
3223 3222
3225 3224
3227 3226
3229 3228
3231 3230
3233 3232
3235 3234
3237 3236
3239 3238
3241 3240
3242 2750
3244 3243
3246 3245
3248 3247
3250 3249
3252 3251
3254 3253
3256 3255
3258 3257
3260 3259
3262 3261
3264 3263
3266 3265
3268 3267
3270 3269
3272 3271
3274 3273
3276 3275
3278 3277
3280 3279
3281 3116
3283 3282
3285 3284
3287 3286
3289 3288
3089 3290
3292 3291
3294 3293
3296 3295
3298 3297
3300 3299
3302 3301
3303 3073
3305 3304
3307 3306
3309 3308
3310 3022
3312 3311
3313 3016
3314 3231
3316 3315
3317 3315
3319 3318
3321 3320
3323 3322
3325 3324
3327 3326
3329 3328
3331 3330
3333 3332
3335 3334
3337 3336
3339 3338
3341 3340
3343 3342
3304 3344
3346 3345
3348 3347
3350 3349
3352 3351
3354 3353
3356 3355
3211 3357
3359 3358
3361 3360
3333 3362
3364 3363
3366 3365
3368 3368
3370 3369
3371 3021
3373 3372
3375 3374
3376 3321
3012 3377
3378 3044
3379 3103
3381 3380
3383 3382
3210 3384
3136 3385
3387 3386
3389 3388
3391 3390
3392 2497
3115 3246
3393 3115
3245 3231
3395 3394
3082 3396
3241 3397
3042 3014
3398 3268
3400 3399
3402 3401
3404 3403
3406 3405
3408 3407
3410 3409
3390 3392
3020 3411
3413 3412
3415 3414
3410 3416
3417 3027
3345 3418
3420 3419
3421 3401
3423 3422
3425 3424
3427 3426
3390 3428
3429 3262
3085 3430
3432 3431
3434 3433
3435 3432
3433 3436
3186 3309
3245 3437
3439 3438
3213 3440
3442 3441
3444 3443
3446 3445
3447 3133
3449 3448
3450 3019
3452 3451
3453 3392
3328 3454
3456 3455
3458 3457
3459 3458
3431 3434
3460 3273
3461 3141
3463 3462
3465 3464
3467 3466
3469 3468
3470 3412
3472 3471
3474 3473
3476 3475
3478 3477
3195 3479
3480 3387
3355 3481
3116 3139
3482 3159
3484 3483
3418 3485
3413 3434
3487 3486
3489 3488
3407 3488
3490 2711
3492 3491
3494 3493
3496 3495
3497 3077
3499 3498
3254 3500
3502 3501
3504 3503
3505 3425
3036 3221
3164 3506
3508 3507
3510 3509
3511 3131
3513 3512
3515 3514
3516 3485
3518 3517
3125 3519
3521 3520
3450 3522
3523 3202
3525 3524
3452 3526
3349 3527
45 3508
3528 3507
3530 3529
3531 3417
3533 3532
3535 3534
3537 3536
3538 3259
3540 3539
3529 3541
3259 3542
3544 3543
3105 3545
3546 3304
3547 3538
3549 3548
3551 3550
3553 3552
3180 3482
3554 3421
3556 3555
3315 3381
3558 3557
3533 3558
3559 3166
3560 3375
3019 3561
3562 3323
3563 3015
3014 3564
3290 3565
3566 3353
3567 3413
3568 3029
3569 3450
3332 3570
3062 3194
3572 3571
3573 3062
3194 3195
3574 3462
3576 3575
3578 3577
3579 3395
3059 3580
3394 3393
3581 3200
3528 3582
3104 3583
3585 3584
3587 3586
3588 3072
3589 3140
3590 3078
3497 3591
3578 3592
3318 3170
3594 3593
3449 3307
2577 3448
3595 3528
3247 3596
3597 3120
3205 3598
3599 3131
3131 3600
3132 3130
3602 3601
3603 3525
3212 3604
3606 3605
3608 3607
3263 3330
3610 3609
3612 3611
3143 3613
3142 3614
3590 3445
3615 3540
3202 3537
3616 3350
3618 3617
3620 3619
3622 3621
3624 3623
3626 3625
3628 3627
3630 3629
3632 3631
3634 3633
3636 3635
3638 3637
3640 3639
3642 3641
3644 3643
3646 3645
3648 3647
3650 3649
3652 3651
3653 3630
3655 3654
3657 3656
3659 3658
3661 3660
3663 3662
3665 3664
3667 3666
3669 3668
3670 3669
3672 3671
3674 3673
3676 3675
3678 3677
3680 3679
3682 3681
3684 3683
3685 3620
3687 3686
3689 3688
3691 3690
3693 3692
3695 3694
3697 3696
3699 3698
3701 3700
3703 3702
3705 3704
3707 3706
3709 3708
3711 3710
3713 3712
3715 3714
3717 3716
3719 3718
3721 3720
3722 3715
3724 3723
3726 3725
3728 3727
3730 3729
3732 3731
3734 3733
3736 3735
3738 3737
3740 3739
3742 3741
3744 3743
3746 3745
3748 3747
3750 3749
3752 3751
3754 3753
3756 3755
3758 3757
3760 3759
3762 3761
3764 3763
3766 3765
3768 3767
3770 3769
3771 3628
3773 3772
3774 3629
3776 3775
3778 3777
3780 3779
3782 3781
3784 3783
3786 3785
3788 3787
3790 3789
3792 3791
3749 3793
3795 3794
3797 3796
3799 3798
3801 3800
3803 3802
3805 3804
3807 3806
3809 3808
3811 3810
3813 3812
3815 3814
3817 3816
3819 3818
3820 3659
3822 3821
3765 3724
3824 3823
3826 3825
3828 3827
3830 3829
3832 3831
3834 3833
3836 3835
3838 3837
3840 3839
3842 3841
3777 3843
3845 3844
3847 3846
3849 3848
3851 3850
3853 3852
3855 3854
3857 3856
3859 3858
3654 3860
3862 3861
3864 3863
3866 3866
3868 3867
3870 3869
3797 3797
3872 3871
3754 3795
3874 3873
3876 3875
3878 3877
3879 3642
3881 3880
3883 3882
3885 3884
3887 3886
3889 3888
3890 3689
3891 3746
3893 3892
3743 3894
3896 3895
3898 3897
3900 3899
3902 3901
3904 3903
3739 3905
3907 3906
3908 3655
3910 3909
3912 3911
3914 3913
3916 3915
3918 3917
3920 3919
3922 3921
3924 3923
3638 3697
3926 3925
3928 3927
3929 3922
3931 3930
3933 3932
3935 3934
3937 3936
3727 3938
3940 3939
3794 3941
3943 3942
3945 3944
3947 3946
3949 3948
3951 3950
3953 3952
3955 3954
3895 3956
3958 3957
3960 3959
3962 3961
3964 3963
3950 3949
3966 3965
3883 3967
3646 3968
3882 3969
3747 3970
3972 3971
3864 3973
3863 3658
3975 3974
3977 3976
3683 3635
3979 3978
3980 3684
3832 3908
3982 3981
3960 3983
3964 3984
3985 3983
3987 3986
3755 3988
3990 3989
3982 3991
3993 3992
3995 3994
3997 3996
3999 3998
3640 4000
3766 4001
3913 4002
4004 4003
3981 4005
3716 3982
3889 4006
3618 4007
4008 3657
3976 4009
4010 3646
4012 4011
4014 4013
3689 4015
4016 3960
3996 4017
4019 4018
4021 4020
4023 4022
4024 3764
4025 4008
4027 4026
4028 3652
4030 4029
4011 4031
3620 3716
4032 3642
4033 3640
4035 4034
3675 4036
4038 4037
3737 3676
4040 4039
4042 4041
4043 4027
3941 3940
3939 3780
3938 3794
3927 4044
3920 3995
4046 4045
4048 4047
4050 4049
3715 4051
4052 3795
4053 3910
4054 3927
4055 4043
4002 3766
3768 3750
4057 4056
3749 3795
3702 4058
3617 4011
4060 4059
4062 4061
4064 4063
4066 4065
3708 4067
4069 4068
3809 3803
4070 3773
4071 3930
3901 4072
4073 3933
3930 3935
3934 4074
3932 3931
4076 4075
4078 4077
3767 3962
4080 4079
4081 3951
3897 4082
3944 3674
3886 4083
4085 4084
3818 3904
4086 4012
4088 4087
4090 4089
4092 4091
3718 4093
4087 4086
3883 3906
4094 3870
4096 4095
3650 4097
4099 4098
4100 3775
4101 3826
4103 4102
4105 4104
4107 4106
4108 3937
3814 4109
4111 4110
4113 4112
3635 3979
4115 4114
4116 3680
4031 4117
3730 3793
4012 4118
4120 4119
4065 3691
4121 3665
4123 4122
4125 4124
4127 4126
3619 3618
3823 3782
4128 3654
4129 3926
3783 3925
4130 3699
4132 4131
4022 4008
4134 4133
3723 4135
3965 4136
4137 3918
3669 4138
3664 4070
3909 4139
4015 4140
3792 4141
3755 3943
4143 4142
3629 4144
4146 4145
4148 4147
4150 4149
4152 4151
4154 4153
4156 4155
4158 4157
4160 4159
4161 2563
4163 4162
4165 4164
4167 4166
4169 4168
4171 4170
4172 4171
4174 4173
4176 4175
4178 4177
4180 4179
4182 4181
4184 4183
4186 4185
4188 4187
4190 4189
4192 4191
4194 4193
4196 4195
4198 4197
4200 4199
4202 4201
4204 4203
4206 4205
4208 4207
4210 4209
4212 4211
4214 4213
4216 4215
4218 4217
4220 4219
4222 4221
4224 4223
4226 4225
4228 4227
4230 4229
4232 4231
4234 4233
4236 4235
4238 4237
4240 4239
4242 4241
4244 4243
4246 4245
4248 4247
4216 4249
4251 4250
2774 4252
4253 4245
4255 4254
4257 4256
4258 4201
4260 4259
4262 4261
4264 4263
4266 4265
4195 4190
4268 4267
4270 4269
4272 4271
4274 4273
4276 4275
4278 4277
4280 4279
4282 4281
4284 4283
4286 4285
4288 4287
4290 4289
4292 4291
4294 4293
4296 4295
4298 4297
4300 4299
4302 4301
4304 4303
4306 4305
4308 4307
4310 4309
4312 4311
4314 4313
4316 4315
4318 4317
4320 4319
4322 4321
2338 4323
4325 4324
4327 4326
4329 4328
4331 4330
4333 4332
4335 4334
4337 4336
4339 4338
4341 4340
4343 4342
4345 4344
4347 4346
4349 4348
4348 4350
4352 4351
4354 4353
4356 4355
4358 4357
4360 4359
4362 4361
4364 4363
4366 4365
4368 4367
4370 4369
4372 4371
4374 4373
4376 4375
4377 4189
4154 4378
4380 4379
4382 4381
4384 4383
4386 4385
4388 4387
4390 4389
4392 4391
4394 4393
4396 4395
4398 4397
4400 4399
4402 4401
4404 4403
4406 4405
4408 4408
4410 4409
4412 4411
4414 4413
4416 4415
4418 4417
4420 4419
4422 4421
4424 4423
4426 4425
4428 4427
4430 4429
4432 4431
4434 4433
4151 4435
4437 4436
4439 4438
4193 4440
4442 4441
4441 4443
4445 4444
4447 4446
4449 4448
4451 4450
4453 4452
4455 4454
4457 4456
4459 4458
4461 4460
4463 4462
4465 4464
4467 4466
4469 4468
4470 2746
4472 4471
4473 4187
4475 4474
4476 4156
4478 4477
4480 4479
4482 4481
4273 4483
4485 4484
4486 4306
4488 4487
4334 4489
4307 4335
4491 4490
4493 4492
4418 4494
4496 4495
4497 4253
4499 4498
4500 4397
4395 4501
4503 4502
4505 4504
4507 4506
4509 4508
4511 4510
4513 4512
4344 4514
4295 4343
4268 4515
4517 4516
4519 4518
4521 4520
4523 4522
4524 4461
4526 4525
4528 4527
4530 4529
4532 4531
4534 4533
4536 4535
4538 4537
4540 4539
4542 4541
4544 4543
4545 4457
4546 4369
4248 4547
4427 4548
4549 4290
4551 4550
4553 4552
4554 4188
4556 4555
4557 4180
4559 4558
4561 4560
4563 4562
4564 4272
4566 4565
4568 4567
4570 4569
4572 4571
4292 4337
4573 4337
4337 4292
4575 4574
4577 4576
4579 4578
4438 2740
4317 4580
4582 4581
4584 4583
4245 4572
4586 4585
4588 4587
4150 4589
4591 4590
4336 4592
4594 4593
4385 4595
4596 4385
4598 4597
4600 4599
4338 4601
4603 4602
4604 4339
4160 4605
4607 4606
4608 4169
4610 4609
4612 4611
4614 4613
4616 4615
4618 4617
4620 4619
4148 4559
4622 4621
4331 4623
4625 4624
4263 4626
4628 4627
4630 4629
4275 4631
4371 4471
4633 4632
4635 4634
4637 4636
4639 4638
4641 4640
4643 4642
4644 4354
4646 4645
4648 4647
4650 4649
4297 4651
4653 4652
4469 4416
4655 4654
3954 3974
4656 4420
4658 4657
4659 4599
4661 4660
4492 4662
4577 4663
4665 4664
4667 4666
4668 4529
4670 4669
4672 4671
4674 4673
4360 4675
4677 4676
4679 4678
4288 4680
4682 4681
4684 4683
4175 4685
4687 4686
4689 4688
4691 4690
4166 4165
4693 4692
4695 4694
4697 4696
4699 4698
4405 4700
4303 4701
4109 3974
4703 4702
4705 4704
4707 4706
4709 4708
4711 4710
4713 4712
4715 4714
4187 4185
4181 4579
4578 4716
3662 4717
4719 4718
4721 4720
4518 4722
4671 4723
4725 4724
4727 4726
4374 4316
4728 4635
4730 4729
4731 2723
4733 4732
4735 4734
4737 4736
4739 4738
4487 5
4741 4740
4743 4742
4745 4744
4747 4746
4749 4748
4751 4750
4753 4752
4755 4754
4510 4756
4758 4757
4759 4243
4521 4760
4556 4761
4763 4762
4765 4764
4435 4311
4311 4766
4764 4435
4371 4767
4769 4768
4554 4555
4574 4520
4442 4770
4772 4771
4774 4773
4776 4775
4778 4777
4780 4779
4782 4781
4784 4783
4786 4785
4788 4787
4789 4524
4791 4790
4492 4792
4794 4793
4796 4795
4798 4797
4800 4799
4187 4801
4803 4802
4805 4804
4807 4806
4809 4808
4811 4810
4806 4812
4814 4813
4816 4815
4818 4817
4820 4819
4822 4821
4824 4823
4826 4825
4828 4827
4830 4829
4832 4831
4834 4833
4836 4835
4838 4837
4840 4839
4842 4841
4844 4843
4845 4288
4847 4846
4849 4848
4688 4850
4852 4851
4854 4853
4856 4855
4858 4857
4831 4838
4860 4859
4862 4861
4864 4863
4866 4865
4868 4867
4870 4869
4872 4871
4874 4873
4876 4875
4878 4877
4880 4879
4882 4881
4884 4884
4886 4885
4888 4887
4841 4889
4891 4890
4893 4892
4892 4894
4896 4895
4898 4897
4900 4899
4902 4901
4904 4903
4906 4905
4908 4907
4910 4909
4912 4911
4914 4913
4841 4915
4917 4916
4919 4918
4921 4920
4922 4774
4531 4923
4925 4924
4927 4926
4929 4928
4931 4930
4933 4932
4935 4934
4937 4936
4939 4938
4941 4940
4943 4942
4945 4944
4947 4946
4949 4948
4951 4950
4953 4952
4955 4954
4957 4956
4959 4958
4961 4960
4963 4962
4965 4964
4966 4960
4968 4967
4859 4969
4971 4970
4973 4972
4974 4945
4976 4975
4978 4977
4980 4979
4982 4981
4984 4983
4986 4985
4988 4987
4990 4989
4992 4991
4994 4993
4983 4995
4996 4769
4998 4997
5000 4999
5002 5001
5004 5003
5005 4898
5007 5006
5009 5008
5011 5010
5013 5012
4876 5014
5015 4987
4917 5016
5018 5017
5020 5019
5021 4979
5023 5022
5025 5024
5027 5026
5029 5028
5030 4876
5031 5014
5033 5032
5035 5034
5037 5036
5038 4470
5040 5039
5042 5041
4768 4493
4902 4907
5044 5043
5045 4284
5047 5046
5049 5048
5017 4818
4846 5050
5052 5051
4897 5053
5030 5054
5056 5055
5057 4965
5059 5058
5061 5060
5063 5062
5065 5064
5067 5066
5006 5068
5064 5069
5071 5070
5073 5072
5075 5074
5076 4570
5078 5077
5079 4645
5081 5080
5083 5082
5085 5084
5087 5086
4654 2698
5088 4721
5090 5089
5092 5091
5094 5093
5096 5095
5097 5095
5099 5098
5101 5100
4807 5102
5029 4941
5104 5103
5106 5105
5107 4860
5109 5108
5111 5110
5113 5112
5115 5114
5113 5116
5118 5117
5120 5119
5122 5121
4932 5123
5125 5124
5127 5126
5129 5128
5131 5130
5133 5132
5135 5134
5137 5136
5139 5138
5141 5140
5073 4940
5143 5142
5145 5144
5146 5073
5112 5109
5148 5147
5149 5028
5151 5150
5153 5152
5155 5154
5157 5156
4940 5147
5159 5158
5161 5160
5162 5032
5164 5163
5166 5165
5168 5167
5169 4831
4572 4791
5171 5170
5172 5155
5174 5173
5175 4974
5176 5030
5178 5177
5152 4926
5180 5179
5181 5034
4950 5182
5184 5183
5033 4986
5185 4811
4810 5186
5171 4947
5188 5187
5189 5168
5191 5190
5102 5192
5194 5193
5195 4946
5197 5196
5198 4790
5198 4801
4485 5199
5201 5200
5203 5202
5205 5204
5207 5206
4355 5208
5209 4355
4381 4352
5210 4382
5212 5211
5213 4746
5215 5214
5217 5216
5219 5218
5221 5220
5223 5222
5225 5224
5227 5226
5229 5228
5230 4764
4591 5231
5233 5232
5234 4489
5236 5235
5238 5237
5240 5239
5242 5241
4781 5243
2781 5244
5246 5245
5247 4197
5210 4265
5249 5248
5250 2735
5252 5251
5254 5253
5256 5255
5258 5257
4523 5259
4476 4787
4767 5260
4792 5038
5038 2809
4371 5261
4592 4528
5263 5262
5265 5264
4786 5266
4184 4759
5268 5267
5270 5269
5271 4473
4354 5272
4662 4642
5274 5273
5276 5275
5278 5277
5280 5279
5281 4701
5283 5282
5285 5284
5287 5286
5289 5288
5291 5290
4589 5292
4558 4643
5294 5293
5296 5295
5013 5297
5299 5298
5301 5300
5303 5302
5305 5304
5307 5306
5306 5308
5310 5309
5312 5311
5314 5313
5313 5315
5317 5316
5319 5318
5321 5320
5323 5322
5325 5324
5327 5326
5329 5328
5331 5330
5333 5332
5335 5334
5337 5336
5328 5305
5339 5338
5337 5312
5341 5340
5343 5342
5344 5329
5346 5345
5348 5347
5350 5349
5352 5351
5354 5353
5251 5355
5357 5356
5359 5358
5361 5360
5363 5362
5365 5364
5367 5366
5369 5368
5371 5370
5373 5372
5375 5374
5376 5375
5378 5377
5380 5379
5382 5382
5384 5383
5386 5385
5388 5387
5390 5389
5392 5391
5394 5393
5396 5395
5398 5397
5399 5301
5401 5400
5403 5402
5405 5404
5407 5406
5409 5408
5411 5410
5413 5412
5415 5414
5417 5416
5419 5418
5421 5420
5423 5422
5425 5424
5427 5426
5429 5428
5431 5430
5433 5432
5435 5434
5437 5436
5439 5438
5441 5440
5443 5442
5445 5444
5447 5446
5449 5448
5451 5450
5453 5452
5455 5454
5457 5456
5459 5458
5461 5460
5463 5462
5465 5464
5467 5466
5306 5468
5470 5469
5472 5471
5474 5473
5476 5475
5478 5477
5480 5479
5482 5481
5484 5483
5486 5485
5488 5487
5490 5489
5492 5491
5493 4690
5495 5494
5497 5496
5499 5498
5500 5307
5502 5501
5504 5503
5506 5505
5508 5507
5510 5509
5512 5511
5513 5499
5515 5514
5517 5516
5519 5518
5315 5520
5522 5521
5524 5523
5526 5525
5528 5527
5530 5529
5422 5531
5533 5532
5535 5534
5537 5536
5539 5538
5541 5540
5543 5542
5545 5544
5547 5546
5549 5548
5551 5550
5553 5552
5555 5554
5557 5556
5559 5558
5561 5560
5563 5562
5565 5564
5564 5566
5568 5567
5570 5569
5503 5571
5573 5572
5282 4502
5575 5574
5577 5576
5579 5578
5301 5304
5581 5580
5583 5582
5585 5584
5587 5586
5589 5588
5591 5590
5593 5592
5595 5594
5597 5596
5599 5598
5601 5600
5603 5602
5605 5604
5607 5606
5609 5608
5611 5610
5613 5612
5615 5614
5617 5616
5619 5618
3963 5620
5622 5621
5620 5623
5625 5624
5469 5626
5628 5627
5630 5629
5632 5631
5634 5633
5636 5635
5637 5494
5308 5638
5536 5639
5640 5505
5642 5641
5644 5643
5645 5442
5647 5646
5649 5648
5651 5650
5653 5652
5636 5654
5655 5353
5657 5656
5659 5658
5661 5660
5663 5662
5494 5664
5666 5665
5667 5657
5668 5323
5670 5669
5671 5625
5673 5672
5624 5469
5674 5301
5676 5675
5678 5677
5680 5679
5681 5364
5612 5682
5684 5683
5686 5685
5688 5687
5690 5689
5305 5691
5349 5692
5622 5693
4077 5537
5694 5480
5614 5695
5697 5696
5698 5641
5642 4502
5700 5699
5702 5701
5703 5702
5635 5637
5494 5632
5631 5634
5638 5636
5705 5704
5319 5637
4562 5664
5707 5706
5709 5708
5374 5468
5639 5308
5375 5710
5374 5375
5711 5452
5564 5712
5713 5319
5715 5714
5452 5487
5716 5666
5667 5717
5719 5718
5717 5720
4083 5721
5722 5465
5377 5723
5306 5724
5726 5725
5728 5727
5328 5729
5730 5723
5732 5731
5606 5733
5618 5734
5735 5619
5737 5736
5657 5738
5740 5739
5741 5681
5742 5354
5744 5743
5746 5745
5748 5747
5750 5749
5752 5751
5493 5524
5754 5753
5756 5755
5647 5757
5757 5758
5759 5361
5760 5501
5361 5761
5761 5759
5621 5762
5763 5641
5566 5764
5765 5380
5767 5766
5637 5567
5768 5683
5415 5769
5770 5607
5772 5771
5623 5622
5706 5773
5775 5774
5777 5776
5778 5770
4249 5333
5332 5759
5108 5761
5780 5779
5087 5781
5783 5782
5785 5784
5585 5786
5787 4967
5788 5434
5790 5789
5792 5791
5794 5793
5578 5795
5797 5796
5799 5798
5801 5800
5488 5802
5803 5356
5469 5804
5805 5431
5807 5806
5732 5378
5809 5808
5768 5810
5804 5811
5690 5812
5683 5655
5721 5768
5353 5679
5260 5622
5693 5692
5648 5416
5814 5813
5648 5660
5713 5815
5336 5816
5818 5817
5820 5819
5819 5649
5822 5821
5824 5823
5826 5825
5827 5013
4967 5828
5573 5829
5830 5462
5832 5831
5834 5833
4249 5835
5552 5087
5479 5285
5679 5310
5720 5702
5836 5594
5553 5486
5837 5803
5839 5838
5840 5419
5842 5841
5844 5843
5846 5845
5848 5847
5850 5849
5852 5851
5854 5853
5856 5855
5858 5857
5860 5859
5862 5861
5864 5863
5866 5865
5868 5867
5870 5869
5872 5871
5874 5873
5876 5875
5878 5877
3377 5879
5881 5880
5883 5882
2408 5884
5885 5872
5887 5886
5888 5866
5890 5889
5875 5891
5854 5892
5894 5893
5865 5890
5895 2964
5897 5896
5899 5898
5901 5900
5903 5902
5905 5904
5907 5906
5909 5908
5911 5910
5913 5912
5915 5914
5917 5916
5919 5918
5921 5920
3582 5922
5904 5923
5925 5924
5927 5926
5929 5928
5931 5930
5932 5850
5934 5933
5936 5935
5937 5856
5939 5938
5941 5940
2917 5942
5944 5943
5946 5945
5948 5947
5950 5949
5868 5951
5953 5952
5955 5954
5957 5956
5959 5958
5867 5960
5962 5961
5963 5860
2813 5964
5966 5965
5968 5967
5968 5969
5971 5970
5972 5953
5974 5973
5902 5975
5977 5976
5979 5978
5981 5980
5983 5982
5952 5903
5984 5904
5986 5985
5987 5983
5989 5988
5991 5990
5993 5992
5995 5994
5997 5996
5999 5998
5889 5875
6001 6000
5943 5948
6003 6002
2185 6004
6006 6005
6008 6007
6010 6009
6012 6011
6014 6013
6016 6015
6018 6017
6020 6019
5922 5957
2437 6021
6023 6022
6024 6023
6025 6024
5900 6026
6027 5910
5910 6028
6030 6029
5873 5894
6032 6031
5896 6033
6035 6034
6037 6036
6038 5971
6040 6039
2892 2822
2993 6041
6043 6042
6045 6044
6046 5914
6047 5915
6049 6048
5922 5905
6046 6049
6051 6050
6053 6052
6055 6054
6057 6056
6059 6058
5954 6060
5872 6061
6061 6062
5967 6063
6065 6064
6066 6013
2769 6067
6024 6023
5942 6068
6070 6069
6072 6071
6000 6073
5965 6074
5900 5984
5865 6011
6075 5861
6061 6076
5906 6077
6079 6078
5890 5900
5962 5982
6047 2822
6081 6080
6083 6082
6085 6084
6087 6086
6089 6088
6091 6090
6093 6092
6095 6094
6097 6096
6099 6098
6100 6091
6102 6101
6104 6103
6106 6105
6108 6107
6110 6109
6112 6111
6114 6113
6116 6115
6118 6117
6119 6082
6121 6120
6123 6122
6124 6086
6126 6125
6128 6127
6130 6129
6132 6131
6134 6133
6136 6135
6138 6137
6140 6139
3972 6141
6143 6142
6145 6144
6147 6146
6149 6148
6151 6150
6153 6152
6155 6154
6157 6156
6159 6158
6161 6160
6163 6162
6164 6140
6106 6165
6167 6166
6169 6168
6168 6170
6172 6171
6174 6173
6176 6175
6178 6177
6180 6179
6182 6181
6172 6183
6185 6184
6187 6186
6189 6188
6190 6157
6192 6191
6194 6193
6196 6195
6198 6197
6200 6199
6105 6201
6203 6202
6205 6204
6207 6206
6209 6208
6211 6210
6213 6212
6210 6214
6216 6215
6217 6161
6219 6218
6221 6220
6223 6222
6215 6224
6226 6225
6228 6227
6230 6229
6232 6231
6234 6233
6236 6235
6238 6237
6240 6239
6242 6241
6244 6243
6246 6245
6248 6247
6250 6250
6252 6251
6254 6253
6256 6255
6258 6257
6260 6259
6262 6261
6177 6263
6265 6264
6267 6266
6268 6169
6270 6269
6218 6271
6273 6272
6275 6274
6276 4056
6278 6277
6280 6279
6282 6281
6284 6283
6286 6285
6288 6287
6290 6289
6292 6291
6294 6293
6125 6160
6296 6295
6298 6297
6300 6299
6301 6279
6303 6302
6305 6304
6105 6306
6308 6307
6310 6309
6312 6311
6314 6313
6233 6315
6316 6166
6318 6317
6319 6139
6321 6320
6322 6241
6157 6323
6324 6196
6088 6325
6208 6326
6173 6327
6329 6328
6234 6164
6164 6279
6331 6330
6332 6301
6334 6333
6335 6132
6336 6334
6338 6337
6340 6339
6105 6215
6216 6341
6101 6342
6344 6343
6346 6345
6348 6347
6350 6349
6167 6270
6352 6351
6354 6353
6185 6355
6354 6356
6357 6325
6359 6358
6360 6345
6099 6361
6311 6362
6364 6363
6366 6365
6251 6367
6094 6368
6339 6300
6369 6309
6371 6370
6084 6314
6303 6372
6342 6369
6374 6373
6225 6375
6377 6376
6378 6173
6287 6379
6165 6192
6101 6093
6381 6380
6383 6382
6385 6384
6387 6386
6381 6388
6304 6389
6390 6374
6289 6091
6093 6381
6102 6391
6104 6102
6393 6392
6395 6394
6174 6247
6227 6236
6271 6352
6370 6396
6398 6397
6399 6308
6400 6294
6401 6367
6225 6402
6173 6375
6403 6298
6172 6261
6082 6404
6405 6083
6407 6406
6331 6383
6306 6262
6140 6331
6383 6243
6387 6340
6408 6344
6410 6409
6412 6411
6358 6408
6190 6413
6414 6169
6415 6174
6168 6190
6305 6302
6337 6313
6399 6416
6293 6417
6418 6293
6420 6419
6330 6329
6297 6421
6422 6360
6423 6383
6243 6424
6426 6425
6428 6427
6430 6429
6432 6431
6433 6103
6318 6434
6093 6417
6436 6435
6437 6334
6438 6174
6440 6439
6442 6441
6391 6443
6445 6444
6447 6446
6449 6448
6451 6450
6453 6452
6455 6454
6457 6456
6459 6458
6461 6460
6463 6462
6465 6464
6466 3319
6468 6467
6470 6469
6472 6471
6474 6473
6476 6475
6478 6477
6480 6479
6482 6481
6484 6483
6485 6480
6487 6486
6489 6488
6491 6490
6493 6492
6495 6494
6497 6496
6499 6498
6501 6500
6503 6502
6505 6504
6507 6506
6508 3439
6510 6509
6512 6511
6514 6513
6516 6515
6517 6470
6519 6518
6521 6520
6523 6522
6525 6525
6527 6526
6529 6528
6531 6530
6533 6532
6535 6534
6537 6536
6539 6538
6541 6540
6449 6542
6544 6543
6546 6545
6548 6547
6550 6549
6552 6551
6554 6553
6556 6555
6558 6557
6560 6559
6562 6561
6564 6563
6566 6565
6484 6567
6569 6568
6571 6570
6573 6572
6575 6574
6577 6576
6579 6578
6581 6580
6583 6582
6585 6584
6587 6586
6589 6588
6591 6590
6593 6592
6595 6594
6597 6597
6599 6598
6601 6600
6603 6602
6605 6604
6607 6606
6609 6608
6611 6610
6613 6612
6615 6614
6617 6616
6619 6618
6621 6620
6623 6622
6625 6624
6627 6626
6629 6628
6631 6630
6633 6632
6635 6634
6637 6636
6639 6638
6641 6640
6643 6642
6645 6644
6647 6646
6649 6648
6651 6650
6652 6456
6654 6653
6656 6655
6658 6657
6660 6659
6662 6661
6664 6663
6666 6665
6668 6667
6670 6669
6672 6671
6674 6673
6676 6675
6628 6677
6679 6678
6681 6680
6683 6682
6685 6684
6687 6686
6689 6688
6691 6690
6693 6693
6695 6694
6697 6696
6699 6698
6701 6700
6703 6702
6705 6704
6707 6706
6709 6708
6711 6710
6713 6712
6715 6714
6717 6716
6719 6718
6721 6720
6723 6722
6725 6724
6727 6726
6729 6728
6731 6730
6732 6729
6733 6732
6730 6734
6736 6735
6738 6737
6740 6739
6742 6741
6744 6743
6746 6745
6748 6747
6750 6749
6752 6751
6754 6753
6756 6755
6757 2345
6759 6758
6761 6760
6763 6762
6762 6764
6766 6765
6767 6447
6769 6768
6771 6770
6772 6540
6572 6472
6773 6744
6775 6774
6777 6776
6778 2368
6780 6779
6782 6781
6784 6783
6786 6785
6788 6787
6785 6784
6790 6789
6792 6791
6794 6794
4058 6795
6797 6796
6762 6578
6799 6798
6801 6800
6802 6666
6804 6803
6806 6805
6808 6807
4514 6809
6749 6810
6702 6811
6813 6812
6815 6814
6817 6816
6618 6818
6820 6819
6822 6821
6824 6823
6826 6825
6828 6827
6830 6829
6832 6831
6834 6833
6836 6835
6838 6837
6840 6839
6837 6841
6843 6842
6844 6842
6846 6845
6848 6847
6850 6849
4600 3952
6852 6851
6854 6853
6855 6545
6857 6856
6859 6858
6861 6860
6863 6862
6864 6863
6866 6865
6868 6867
6729 6869
6870 6732
6872 6871
6873 6691
3970 6874
4135 3952
6876 6875
6878 6877
6787 6878
6880 6879
6882 6881
6884 6883
6886 6885
6888 6887
6889 2423
6891 6890
6453 6892
6893 6737
6895 6894
6897 6896
6899 6898
6901 6900
6903 6902
6905 6904
6906 6494
6908 6907
6910 6909
6912 6911
6914 6913
6916 6915
6918 6917
6920 6919
6922 6921
6924 6923
6926 6925
6928 6927
6705 6929
6931 6930
6932 6892
6766 6933
6851 6934
6935 6737
6937 6936
6481 6938
6940 6939
6592 6941
6942 6754
6565 6943
6944 6594
6946 6945
6948 6947
6950 6949
6952 6951
6953 6660
6955 6954
6545 6929
6957 6956
6959 6958
6961 6960
6963 6962
6965 6964
6967 6966
6969 6968
6971 6970
6973 6972
6975 6974
6977 6976
6979 6978
6981 6980
6983 6982
6984 6694
6986 6985
6988 6987
6131 6962
6990 6989
6992 6991
6994 6993
6996 6995
6997 6754
6999 6998
7000 6850
7002 7001
7004 7003
5490 7005
7007 7006
7009 7008
7011 7010
7013 7012
7015 7014
7016 6481
7018 7017
7020 7019
7022 7021
7024 7023
7026 7025
7028 7027
7030 7029
7032 7031
7034 7033
7036 7035
7038 7037
7040 7039
7042 7041
7044 7043
7045 4844
7047 7046
7049 7048
7051 7051
7053 7052
7054 4949
7056 7055
7058 7057
7060 7059
7062 7061
7064 7063
6971 7065
7067 7066
7069 7068
7071 7070
7073 7072
7075 7074
7077 7076
7079 7078
6550 6575
6973 7080
7082 7081
7083 6549
7085 7084
7087 7086
7089 7088
3243 7090
7092 7091
7094 7093
7096 7095
7098 7097
7100 7099
7102 7101
7104 7103
7105 7030
7107 7106
7030 7108
7109 2859
7111 7110
7113 7112
7115 7114
7116 3589
7118 7117
7119 6651
6690 7120
7122 7121
7124 7123
7126 7125
7128 7127
6602 7129
7131 7130
7133 7132
7134 7068
7136 7135
7138 7137
7139 7089
7035 7140
7142 7141
7144 7143
7146 7145
7148 7147
7150 7149
7151 2896
7153 7152
7155 7154
7157 7156
7159 7158
7161 7160
7163 7162
7165 7164
7167 7166
7169 7168
7171 7170
7173 7172
7174 2836
7176 7175
7174 7177
7179 7178
7181 7180
7183 7182
7178 7184
7186 7185
7187 6623
6623 7188
7190 7189
7134 7191
7192 7153
7149 6986
7194 7193
7195 7043
7197 7196
7199 7198
7107 7200
7202 7201
7204 7203
6392 5056
7206 7205
7208 7207
7210 7209
7211 7022
7213 7212
7214 26
7150 7215
7217 7216
7218 6806
7219 6950
7221 7220
7222 6470
6124 7223
7225 7224
7227 7226
7229 7228
7231 7230
7232 6687
7234 7233
7236 7235
7237 6656
7239 7238
7240 5820
7242 7241
7243 7209
7245 7244
7247 7246
7152 7247
7249 7248
7243 7250
7252 7251
7254 7253
7256 7255
7258 7257
7260 7259
7262 7261
7264 7263
7265 1808
7267 7266
7269 7268
4535 7270
7272 7271
6964 7273
7275 7274
7277 7276
7279 7278
7281 7280
7019 7245
7283 7282
3513 6886
7284 7020
7286 7285
7288 7287
7290 7289
7292 7291
7294 7293
7296 7295
7298 7297
7300 7299
7302 7301
4504 7303
3266 7304
7306 7305
7307 7171
7309 7308
7310 7304
7312 7311
7314 7313
7316 7315
7317 6912
7318 6594
7320 7319
7322 7321
7324 7323
7326 7325
7328 7327
7330 7329
7332 7331
7334 7333
7336 7335
7338 7337
7340 7339
7342 7341
7344 7343
7346 7345
7348 7347
6855 7349
7351 7350
6404 7352
7325 7262
7250 7342
7070 7353
7355 7354
7357 7356
7359 7358
7361 7360
7363 7362
7365 7364
7366 5783
7368 7367
6962 7149
7369 7351
7370 7303
7372 7371
7374 7373
7375 6769
7377 7376
7379 7378
7381 7380
7382 3282
7384 7383
7385 6755
4036 7386
7388 7387
7017 7389
7391 7390
7393 7392
7205 7394
7396 7395
7398 7397
6233 7399
7401 7400
7403 7402
7405 7404
7407 7406
7040 7391
7408 7347
7410 7409
7411 6861
7356 6623
7413 7412
7415 7414
7417 7416
7419 7418
7421 7420
7423 7422
7425 7424
7325 7426
7428 7427
7430 7429
7432 7431
7422 7433
7425 7422
7435 7434
7149 7436
7437 7023
7439 7438
7441 7440
7443 7442
7445 7444
7447 7446
7449 7448
7451 7450
6447 7452
7454 7453
7455 6452
6686 7456
7458 7457
7460 7460
7462 7461
7464 7463
7466 7465
7468 7467
7470 7469
7472 7471
7025 7473
7475 7474
7476 6473
7477 6845
6541 6801
7479 7478
7481 7480
7483 7482
7485 7484
7486 6624
7235 7487
7488 7236
7489 6505
7491 7490
7493 7492
7495 7494
7497 7496
7498 7312
7499 6932
7500 6879
7502 7501
6949 7496
7178 7503
7504 6864
7506 7505
7508 7507
7509 6846
7511 7510
7513 7512
6803 7514
6796 6804
7516 7515
7517 6936
7519 7518
7521 7520
7520 7522
7524 7523
6576 7525
7527 7526
7529 7528
7531 7530
7533 7532
7535 7534
7537 7536
6444 6791
6935 7485
7539 7538
7541 7540
7543 7542
7545 7544
7547 7546
7520 7548
7550 7549
7552 7551
7522 7553
7555 7554
7557 7556
7559 7558
6566 7560
7562 7561
7563 6654
7565 7564
7567 7566
7569 7568
7571 7570
7573 7572
7575 7574
7576 6634
7578 7577
6502 7579
6594 6637
7581 7580
7583 7582
7585 7584
7587 7586
6657 7588
7590 7589
7103 7591
7593 7592
7595 7594
7188 7596
7597 7307
7599 7598
7601 7600
7603 7602
7181 7604
7602 7605
7607 7606
7609 7608
7316 7610
6481 7611
6934 7016
7613 7612
7615 7614
7617 7616
7619 7618
7620 7597
7621 7512
7623 7622
7625 7624
7627 7626
7629 7628
7125 2588
7631 7630
6842 7632
3594 7633
7634 6843
7635 2493
7637 7636
7639 7638
7641 7640
7643 7642
7645 7644
7647 7646
7648 3504
6764 7649
7650 6950
7303 6449
6784 7651
7653 7652
7654 7013
6489 7655
7657 7656
7658 6953
7659 2801
6685 7660
4599 7567
7661 6931
7663 7662
7664 6684
7666 7665
7370 7667
7669 7668
7671 7670
7673 7672
6849 7674
7373 7675
7677 7676
7678 7646
7680 7679
6753 7681
7682 4135
7684 7683
7685 7235
7500 7686
3446 7687
7688 3360
7689 3184
7690 3389
7691 2738
7692 5881
7694 7693
7695 7689
3239 7690
3360 3201
7696 3307
7697 7696
7699 7698
4434 7699
7701 7700
7702 2186
7703 4078
7705 7704
7706 3391
7708 7707
7707 7709
7709 7710
7710 7711
7711 7706
7712 3423
3561 7713
7713 7714
7714 7715
7715 7712
7704 7703
4109 7705
7716 3549
7718 7717
7717 7716
7720 7719
7721 3553
7723 7722
7725 7724
7724 7726
7728 7727
6425 6337
7730 7729
6893 7497
7731 7497
7732 6934
1136 1136
7733 1136
3953 3666
7285 7660
7734 7678
7681 7734
7736 7735
7737 2473
7738 4248
7739 4188
4248 7739
7737 2356
2356 7740
2855 7740
7741 2843
7743 7742
7745 7744
5055 7746
7746 5146
5146 7744
7497 7517
7748 7747
7749 6937
7747 3985
7750 6338
7751 6426
7742 2817
2473 2472
4188 7752
7752 4769
7754 7753
2629 2340
7756 7755
2824 2474
6935 7757
7758 5198
4958 4503
7759 7370
7760 207
2534 2808
1455 2808
2709 7761
7762 846
207 622
2506 2536
2536 7763
7764 2669
2845 2340
2471 7761
7765 2821
7766 7743
7767 7766
7742 7768
7768 7769
2808 7770
7771 2380
3667 3959
7773 7772
4503 4214
3953 4503
6851 7774
3307 3528
3019 7775
7775 7776
7778 7777
7779 7778
7781 7780
6795 7781
7782 7122
7783 7782
6608 7784
7784 7222
7455 7785
7491 7786
7787 7731
7679 7787
7789 7788
7790 6957
6710 7790
6805 7791
7792 6591
7793 7499
7795 7794
6591 7795
7794 7796
7798 7797
7755 7680
6810 7799
7799 7648
7800 6495
6808 7801
7803 7802
7805 7804
7749 7806
7806 7732
7808 7807
7807 7275
7809 7623
7628 7810
7812 7811
7811 6840
7813 7075
7814 7813
7815 6773
7816 7815
7817 6485
6948 7817
2588 2368
7819 7818
6930 7820
7822 7821
7824 7823
7823 7825
7827 7826
2538 7828
7828 7691
7830 7829
2561 7830
7832 7831
7831 7833
7835 7834
7837 7836
7839 7838
2794 7834
2340 7840
7769 7841
7840 7767
7841 7765
7843 7842
7842 7844
7846 7845
7848 7847
7850 7849
4907 5149
7851 5123
7853 7852
7796 6935
7538 7854
7856 7855
6932 7857
7859 7858
2339 7860
7770 7762
1198 2535
2464 7861
7844 7862
2844 7863
7864 2842
2820 7865
7861 7866
7861 7867
7868 2678
7869 328
2459 7870
2505 7871
5132 5073
7872 5132
7873 5133
7874 7312
7875 7498
7793 7875
7498 7875
7219 7789
7876 4728
4598 4781
7878 7877
2399 2550
7879 5148
2461 2460
4676 7880
7757 7881
7496 7882
7884 7883
7886 7885
7887 7272
7888 7887
6845 7889
7890 2487
7891 4966
5072 7892
7893 5197
4942 7893
7894 4943
5105 7894
7895 7879
5116 7895
5103 7896
7896 5139
7897 5106
4944 7897
7898 2823
2641 7898
7899 6448
4214 7899
7900 7458
6313 6405
7902 7901
7903 4439
2737 2893
7904 4322
7698 7905
4323 2746
7907 7906
5199 4492
7908 4224
4321 4319
7909 4320
5262 7903
7910 4273
4577 4274
7911 4321
7912 2337
2746 5
7913 4484
7914 4485
5 7915
7916 4751
4274 4417
4484 4483
4322 4418
7780 6573
7917 6774
6774 6482
7918 6795
6486 6572
7919 6567
6567 6775
6472 6484
7761 2819
7761 2669
2846 7764
7920 6866
3445 6879
6915 6799
7921 6705
7922 7481
6880 7227
7923 7362
6929 7923
7924 7317
6919 7923
7926 7925
7480 6916
7928 7927
7929 6880
5718 5707
7930 5697
7931 5331
7933 7932
5736 5630
5841 5716
7775 7697
4213 7738
7935 7934
6950 6766
7937 7936
4 2856
7938 4600
4468 7912
3018 3446
7940 7939
3202 3450
3252 7941
7941 3569
4004 7942
7943 3818
3887 5500
3903 3886
3819 7944
4067 3819
4083 3887
7944 4084
7946 7945
445 446
1492 1493
145 146
4090 7947
453 454
7948 6907
7950 7949
7949 6997
7949 6949
7881 7949
7952 7951
7825 7953
2745 7954
7951 6901
7955 7595
7957 7956
3436 7958
7960 7959
7959 4575
4092 7961
7961 3717
7963 7962
7962 2761
5265 7964
7964 7583
7966 7965
7150 7967
7968 4299
4406 4260
7970 7969
4299 4405
4171 4406
4300 7971
7972 4845
4260 4287
7973 4300
7975 7974
4717 7976
7976 7977
7979 7978
7980 2641
7981 4620
4797 4620
7983 7982
5835 7984
7986 7985
7988 7987
7990 7989
7992 7991
7994 7993
7995 7983
7983 7995
7996 2797
7997 7996
3984 7998
7998 7748
7999 3914
4141 7999
8001 8000
8003 8002
8005 8004
8006 7760
5072 8007
2598 8008
5931 8008
8008 5931
8010 8009
2425 8011
8013 8012
8014 5874
8016 8015
8018 8017
7753 8019
8019 7756
2995 8020
8020 465
2410 8021
8021 2
8023 8022
8022 6855
7912 8024
8024 7771
4223 8025
8025 7634
8027 8026
6902 8027
8029 8028
8028 8030
6542 8031
8033 8032
7282 8034
8034 8035
6785 8036
8036 6942
6671 8037
8039 8038
8041 8040
8040 7950
7880 8042
8042 8043
8045 8044
8044 6786
8043 8046
8046 8041
5995 8047
8047 8048
8048 8049
8049 7832
6021 8050
8050 8051
7693 8052
2777 8053
8053 6065
3911 3685
3956 8054
8054 3898
8056 8055
4043 8057
3993 8058
8060 8059
8062 8061
4076 8063
8000 8064
8064 3920
8065 5151
8067 8066
8066 4933
6978 8068
8068 8069
7261 8070
8070 8071
6394 6335
8072 6394
6395 8073
6132 8074
7751 8073
8074 6395
6132 6395
8076 8075
7729 6437
8076 7730
7729 6393
8074 7730
6393 8076
6437 8076
8078 8077
8080 8079
8073 6335
6218 6401
8081 2630
7829 2630
4046 8082
8083 4040
8085 8084
8087 8086
8088 5271
8089 5288
8091 8090
5221 5224
4174 4170
8093 8092
8095 8094
8097 8096
5619 5513
5513 5618
5734 5822
4678 4673
8098 5660
7123 5661
8100 8099
5417 8101
8102 7271
7436 8103
8104 8098
8105 8104
8103 8105
8107 8106
7220 8107
8071 8108
8110 8109
8112 8111
8113 2629
8114 7890
8116 8115
8115 2633
8118 8117
8117 2778
8120 8119
8119 2918
8121 7980
7700 8121
1 2967
2806 8
8123 8122
3251 8124
3277 8125
8124 8126
8127 8126
7727 7721
8128 3251
7722 7725
7892 5196
5196 7891
8130 8129
8132 8131
8133 5787
8134 4331
8135 4331
8137 8136
8139 8138
8140 1022
2720 8140
8142 8141
2594 8142
7957 8143
8143 8144
8144 41
41 2495
8146 8145
8145 2655
6054 8147
8147 5936
8149 8148
3520 8150
8150 3094
3357 8151
7984 5807
4216 4547
4547 4248
5725 5791
3205 8152
8153 4931
8155 8154
8157 8156
8159 8158
4862 8160
8162 8161
8163 7643
2560 2578
6930 2560
7606 6931
7686 6931
7923 7500
8164 7921
8165 7728
7726 8165
7802 7622
7810 7809
7804 7803
7792 7938
8166 7476
6847 8166
7175 8167
8169 8168
8170 7181
8171 8023
7774 7642
6775 6852
6839 8172
7627 7948
8174 8173
8175 7919
6958 8176
7458 6959
7622 7627
8178 8177
2933 2588
2380 2933
8179 4468
4468 8180
7474 6843
4599 4504
8181 7567
8182 7759
7667 8183
8183 7651
8184 7475
8185 8039
8038 7792
8037 8185
8187 8186
7821 6776
6776 8188
2368 7819
7349 8189
7642 8171
8189 7820
7818 2561
7820 7822
7820 2561
8191 8190
8192 6903
4567 6903
8193 8192
6903 15
8192 7083
3521 7581
8194 7552
7551 8195
8196 7550
7549 8197
8198 6817
6941 6508
7777 7585
7584 8199
8201 8200
7488 7554
8202 6928
7882 8202
8203 7657
8204 8203
8205 6844
7646 7951
7951 2933
8206 7647
8030 7952
8207 6591
8207 6849
8208 7000
8209 7000
6529 8209
6474 8209
8211 8210
6886 8212
7607 6886
7663 7607
8213 7808
7274 8214
7299 8215
8032 6904
8031 8216
7235 8217
6708 7685
8218 6472
7812 8218
8219 7565
8220 7682
6904 6757
6904 8221
8222 6905
8172 6808
7121 7812
8223 7812
8224 8223
7000 7800
8225 6906
7513 7658
8226 7513
6757 7037
8227 6757
7037 8228
8229 7038
7801 8227
7801 7814
7814 8230
6938 6948
8232 8231
7556 8233
6488 7654
2297 8234
8236 8235
3399 8237
8237 3167
3438 8238
8238 8239
8241 8240
8243 8242
3279 8244
3436 6055
8245 4430
4624 8245
